12.6381281546146 0 119.284432262632 99.5545568466187 120.583083724976 0 126.559629921021 45.9224425290064 79.5051714044494 94.2046420288086 73.9847385123536 129.094661134662 140.905983774286 178.718444824219 34.474963015167 110.908116149902 158.367401123047 121.911560193627 161.315417121438 145.338197429528 161.813259669713 98.8559964737802 120.455301920573 103.609606728434 112.955973658068 0 149.528598078975 147.149047642538 110.248584461212 31.87220464257 39.2238232151636 132.175628662109 115.285273890341 65.9430916624249 92.3469856125968 0 0 192.759098052979 155.919914245605 153.374164581299 215.868499755859 215.736145019531 0 0 177.485862731934 160.126556396484 238.057189941406 186.102310180664 0 203.497006225586 0 178.856727600098 0 0 0 0 170.340966796875 0 189.211013793945 156.468204357006 0 213.979934692383 200.261531066895 159.885014724731 174.426291571723 155.341349283854 0 199.290130615234 170.494506835938 164.996475219727
0 6.5279130693795 66.2959980964661 16.7999465035558 99.2824242001488 132.325340270996 137.735408782959 130.042558942522 147.216586642795 74.0047838497467 190.260452270508 92.9307505289714 195.065409342448 56.1818926311283 169.590201483832 107.723428249359 52.6223635295081 62.7765801387763 105.052761664757 80.726706802845 188.4072265625 107.6161181132 24.7392163571719 105.669449397496 83.1042153518264 28.2386236465048 68.400575365339 39.6669552251266 114.763665698823 139.794590250651 112.911596298218 102.657700220744 118.409308624268 104.988986968994 95.315785933514 0 74.4826545715332 83.6996360967967 41.5795004302508 159.775115966797 225.584945678711 176.570007324219 158.770913260324 194.458227157593 172.660525235263 187.062808227539 115.842977852657 0 117.875775446657 191.704456329346 231.682189941406 126.848790849958 97.9370299629543 127.01408438847 98.1263219167495 0 151.748770141602 117.848831070794 131.06066601093 149.111099113852 84.2254516161405 90.0815620127067 82.6643918936145 169.368091417396 188.499776204427 168.02202796936 134.065334158884 132.570938110352 0 107.798694292704
119.284432262632 66.2959980964661 20.712323713825 86.5331603310325 150.53426361084 158.220128377279 151.245795562744 106.200643383437 132.735108502047 149.392964011744 136.045625905713 143.543741436096 199.34963104248 169.367169189453 130.766912266115 166.470415838834 128.958809970176 44.3600558060447 94.5560897019718 76.4861929448244 183.78304604923 76.2522720658719 122.976792870498 41.6632969683256 127.715715953282 117.399031321208 50.2438029143261 42.0838801940167 103.959669938706 136.140422512363 104.697405239297 101.372604884458 184.819636951793 125.468402001166 87.3001486108885 180.281201876127 98.4538427734375 106.418714270976 71.2670299752245 183.846237182617 0 207.152243913923 179.30305042417 202.854928016663 158.077890907846 195.720169643186 166.237386603104 0 184.892071810636 192.179390548112 241.696182250977 116.113629139088 121.342003531231 168.865921918084 140.091054191589 242.053558349609 158.61211928701 86.3085050147599 117.523033545126 160.198861627868 125.162654240926 129.120849399282 105.318684442287 168.030216961372 195.096484184265 168.338752029289 178.586182814378 235.89582824707 186.212677001953 133.324887538302
99.5545568466187 16.7999465035558 86.5331603310325 12.3147613021263 77.5191021495395 136.871054077148 153.388930426704 113.979443709056 137.816734036532 36.5792191973873 146.36056885162 88.1138433748293 175.239274075157 64.7060283351661 130.452027680444 95.7813390844009 47.7239879963369 61.5954725077895 68.9496868289247 83.9820022030153 143.527365184966 75.0615243911743 26.9190097458935 94.0802708287393 55.8119540633645 39.9723276766352 61.0582956073377 53.1357195259207 79.9912452892381 96.975941313415 86.2117950511429 68.0305025312636 131.109350724654 85.1434505169208 74.7867278264574 115.556559426444 80.3640415729621 113.488209679013 15.2051930822963 77.9644937515259 106.491493225098 127.945004463196 120.473327636719 149.398329598563 40.8911791219779 106.431001693483 126.75902401468 126.496430053711 118.444280864906 131.759087579901 102.764162063599 79.3561463007113 109.43735369514 127.514965937688 130.667308076899 98.7844797770182 86.5994000928155 32.593669134473 113.930775826437 70.1045990268679 70.5581132081839 110.08241937772 81.6833205233656 83.1036720966669 107.678903365135 97.5603166637999 127.482061779688 143.087249755859 94.8896834055583 107.594473797342
120.583083724976 99.2824242001488 150.53426361084 77.5191021495395 15.388835577619 103.735980314367 92.2749687708341 71.8483166284008 125.871488347925 48.7979806089807 47.0150457580935 178.356539454605 35.1268039082465 159.776936192666 131.320666622946 66.3093879908338 92.994909286499 191.850200108119 189.013051147461 185.803347632999 18.0250198491717 161.688299005682 66.2852183885811 193.412117767334 25.4577172591469 143.432729563994 182.502489530123 141.523425164021 29.4062390683069 121.854052642516 136.607567864495 179.74144744873 138.84070905507 111.059333377414 114.464513497982 161.850882636176 205.321929931641 192.875534057617 75.8482972651577 140.91788623318 167.779866536458 166.244146083429 164.06734809097 193.494509015765 110.85125430425 158.973856091005 222.926324462891 155.031504282694 215.983020489032 190.098003005981 160.340789563728 153.161045074463 193.346328735352 223.651344299316 233.742575073242 149.237019771287 154.039319038391 119.502052307129 183.892909458705 123.774843658359 221.889598846436 223.548038829457 202.637467157273 141.337631429814 182.925190358922 157.546754663641 233.621058146159 206.288018035889 169.697649637858 170.951224383186
0 132.325340270996 158.220128377279 136.871054077148 103.735980314367 7.53139599044277 22.6264685692007 123.094320248335 75.8751961290836 62.6508620689655 112.115595408848 87.217226951353 82.7608056490113 72.3872772216797 162.086187150743 18.9545271306521 0 183.945536295573 116.360524495443 224.444320678711 103.117011508426 159.882385253906 128.234903971354 164.681488037109 84.0695983695186 89.166145324707 141.298825073242 188.335661454634 119.526384213096 52.8947627982315 115.92297908238 93.4551620483398 19.6372841139571 0 28.5843673140504 0 0 0 165.740112304688 0 0 0 183.321563720703 0 0 186.903115844727 0 225.212371826172 141.664142608643 174.880851745605 0 245.815811157227 0 0 0 190.974113464355 0 0 0 186.428573608398 0 0 227.788459777832 205.503299713135 0 239.525344848633 0 0 0 0
126.559629921021 137.735408782959 151.245795562744 153.388930426704 92.2749687708341 22.6264685692007 25.4581429210067 77.7298463382234 42.8655677634255 83.0292159489223 46.3293166178877 153.808804652554 42.2562641238321 143.345237124283 116.850426397448 36.1221557427466 176.236724853516 171.246370266199 174.73423306009 177.381923500149 72.1762120411616 131.292764319748 181.828448613485 149.424783946912 89.8206510996995 152.793974982368 180.630357145422 167.115301500983 85.9368915045133 126.620699319221 128.131397413976 177.37957611084 46.7870259703416 128.95264449774 111.627078461847 189.663070678711 215.33889465332 211.276957375663 122.314842023348 172.641947254631 193.67407989502 181.253709248134 185.711655934652 189.265546910903 159.629281436696 178.743092956543 226.59147644043 175.048806949538 155.6910188463 215.558617965035 170.019933064779 196.195267775963 209.819039481027 238.892822265625 230.111078898112 173.511873798986 190.874776204427 194.190689086914 203.14354227357 160.649635051159 209.580821990967 223.665639806677 212.574266889018 169.342596156091 205.360304540517 182.218178244198 205.035578409831 190.913662380642 183.684987386068 200.534678819444
45.9224425290064 130.042558942522 106.200643383437 113.979443709056 71.8483166284008 123.094320248335 77.7298463382234 22.3747750515636 76.888820436746 81.3147471597262 33.2341250275806 169.023209165252 147.923224592862 167.88029977177 69.5776080306285 99.340576171875 100.053997395833 144.588494199725 183.120581291582 173.373308102068 128.514494023268 82.5036343413233 93.1013592738731 95.1922880046979 66.3713649184336 182.448598861694 157.70414453505 118.070668683503 43.0971780302046 102.043361303203 35.74029744641 190.430024953989 142.106101169648 87.4854272965696 101.98342839064 180.884378606623 168.895660400391 180.601369078054 111.14130692733 151.785781237544 0 194.666199628045 181.39793117072 198.158769960757 128.03793010427 166.566787369754 227.875411987305 161.702653020406 199.549922943115 192.328765508697 175.6922654372 163.585455312817 196.400750296456 240.263761520386 220.481694221497 162.042084075592 163.735447550208 148.942078810472 171.256532164945 145.472509643061 195.991647338867 209.925639586015 182.064120094449 151.68414607375 180.42272932986 169.467208970523 235.796122233073 208.937824358259 172.729325794038 175.106432304108
79.5051714044494 147.216586642795 132.735108502047 137.816734036532 125.871488347925 75.8751961290836 42.8655677634255 76.888820436746 26.4052920903046 126.515765959958 55.085989581221 119.427427134344 106.998103173706 101.372296293017 37.0646230885768 85.1487762551559 196.410037231445 144.693604089279 159.55303381215 166.503950539802 116.648456654306 123.798139390837 164.416759490967 124.325898683326 129.571743496215 107.396428789411 164.105046092152 158.953613912877 121.215349598704 101.115631867875 85.1084478010365 161.340822855632 41.6822425931616 130.438358840942 125.249251390891 230.333847045898 181.999389648438 201.303080645475 145.40593447004 181.290509851967 0 191.62977382115 186.355176653181 178.912905273438 163.76945537991 201.245232195894 208.421463012695 195.444653625488 155.651296888079 211.205046804328 224.154903411865 188.50793096369 205.833493550618 240.515174865723 220.418960571289 188.736184692383 200.733803431193 195.006325461648 190.302808761597 172.611095364174 173.770575205485 215.261885120023 201.537040817905 180.929558574767 207.296043513371 186.087930779708 207.137629191081 200.931285184972 194.923776245117 201.022451317829
94.2046420288086 74.0047838497467 149.392964011744 36.5792191973873 48.7979806089807 62.6508620689655 83.0292159489223 81.3147471597262 126.515765959958 9.96175433691554 80.9450799751895 152.91776725981 54.091773831326 129.367144373023 125.259556407928 19.1936197498975 114.534507470972 126.672660827637 159.336729107481 160.800381226973 59.4440117868884 143.381057337711 29.3447013031797 168.12899599237 31.0118845278396 112.284707436675 139.201592753484 116.56922624171 59.5548574007474 98.5679229917262 78.8185520279879 148.633128051758 137.210440931649 84.4175241694731 125.778222292464 107.012990315755 158.49427541097 162.554260383218 33.3241530166482 84.2589608803774 0 115.562735493978 149.073014831543 147.678388118744 44.861407661438 105.690688976343 191.74563895882 104.314347839355 183.496439792799 150.562660423485 99.9552485148112 126.689547008938 174.59429036016 214.913692127575 203.578391441932 91.9892997741699 119.273767198835 155.719202859061 131.06724216627 86.4834312611381 170.983316040039 201.655847378435 174.580398576487 96.4471941224064 133.496545014558 124.582899342413 204.74331608525 182.53329031808 117.466641235352 134.854616018442
73.9847385123536 190.260452270508 136.045625905713 146.36056885162 47.0150457580935 112.115595408848 46.3293166178877 33.2341250275806 55.085989581221 80.9450799751895 22.1406727467186 168.068683748802 44.9745779691761 164.467091169514 87.6529246410286 84.7467293063487 133.928204854329 186.472913884961 183.998018228231 184.207432941326 39.5421587258657 129.331008814802 167.910636901855 148.91556247912 81.1087375527653 175.878109741211 181.371529521778 168.420106532487 47.8179874820921 119.36258373153 124.254826049478 192.921221610827 138.566862451984 113.495581220872 104.127133512363 193.295075734456 192.996887207031 202.129587346857 99.0049303756771 160.512367145782 207.926096598307 178.807412380642 176.717716693878 209.979431152344 130.539526844025 174.2503560029 230.255028975637 169.498741576769 201.374159495036 208.645245056152 162.11267397297 175.521786281041 216.590965270996 245.761302947998 233.340939331055 164.702916581621 178.577699080757 213.990053812663 190.899934058096 143.694625278303 215.36856842041 231.952231884003 207.981059721146 159.346357575326 200.188346122075 191.381981297543 246.933349609375 222.932435740595 179.536977914663 196.166979417733
129.094661134662 92.9307505289714 143.543741436096 88.1138433748293 178.356539454605 87.217226951353 153.808804652554 169.023209165252 119.427427134344 152.91776725981 168.068683748802 19.2181328378958 158.642286654481 30.5242093802634 109.533598930605 166.283726567807 157.455039978027 71.3668027045046 29.3010575451863 45.8329492960069 164.694280286516 128.42257329947 115.133220921392 121.13257250472 168.518678199196 42.5444135239454 47.7589174475051 95.9509259586013 173.531843625151 98.9308268619848 152.706028980814 47.5831938865253 88.5801999699938 122.850538080389 39.2321233719514 247.891693115234 108.471407418299 159.515242649959 96.9138066491415 223.959480013166 97.6491928100586 200.424759674072 221.734632873535 132.468404981825 186.649015870813 237.720380840879 86.0353124566182 221.929779900445 80.434921301382 177.941071646554 226.804079691569 193.076007843018 172.256736246745 113.420993301895 155.043327743943 229.111770629883 213.595128377279 139.766473778399 195.501223050631 207.501398528304 79.6598315011887 121.550559460675 118.568709953972 226.955438036437 202.287595113118 216.356153488159 106.972487660146 124.416414499283 0 134.35413906621
140.905983774286 195.065409342448 199.34963104248 175.239274075157 35.1268039082465 82.7608056490113 42.2562641238321 147.923224592862 106.998103173706 54.091773831326 44.9745779691761 158.642286654481 15.4888804710382 155.607903834752 119.905071195146 30.1418144218195 0 203.817694584529 173.680816283593 176.003224433223 27.3437640236428 183.296988487244 192.978707313538 204.81547974887 34.7632919861084 181.627743312291 178.130374733461 187.757681323636 62.8303332188073 120.563399937454 178.611860109412 184.502661743164 116.41678417085 170.981811523438 106.067027965143 170.628211975098 209.831665039062 0 107.987430844988 156.77232662248 0 181.016122323495 170.394591883609 202.555502755301 142.946269565158 171.472292617515 219.348560878209 165.819522833674 203.484112079327 206.081514835358 161.949057328074 0 0 244.433097839355 236.88240814209 161.965047776699 196.490392049154 215.148475646973 231.594548543294 145.343698155466 211.79651184082 229.156773158482 218.056261698405 160.123430287037 193.622707366943 188.381225585938 231.71167755127 210.374605814616 207.50838470459 191.166641235352
178.718444824219 56.1818926311283 169.367169189453 64.7060283351661 159.776936192666 72.3872772216797 143.345237124283 167.88029977177 101.372296293017 129.367144373023 164.467091169514 30.5242093802634 155.607903834752 14.3756111093301 97.9296011364894 158.706756410145 129.625787734985 157.754538853963 99.8104543551593 115.875026521229 165.530516158703 171.805491129557 93.7983467765476 186.207906723022 147.886047923908 25.5019918810326 91.9096014647963 45.8483018166661 171.228177227551 83.8413781970739 163.241544835708 32.7759080683818 79.434623392683 0 42.8963497964292 0 108.46496089055 174.426235834757 72.9041551355127 214.119405110677 109.160646438599 155.058508131239 229.146789550781 165.772875005549 185.003286662855 224.0035027398 89.2612949409581 174.50471496582 84.3707928615106 160.651401172985 214.694512939453 194.852271185981 168.61132531417 110.676644288026 141.645262676737 0 188.653549194336 140.189741238238 186.905279541016 200.166415619234 79.5796532907081 118.085408398989 114.119647466711 218.752306181809 173.900100708008 227.995094299316 105.037876356758 125.869815141727 0 113.376540240119
34.474963015167 169.590201483832 130.766912266115 130.452027680444 131.320666622946 162.086187150743 116.850426397448 69.5776080306285 37.0646230885768 125.259556407928 87.6529246410286 109.533598930605 119.905071195146 97.9296011364894 25.6431814354999 130.795019425409 210.726116943359 138.081502277171 143.958519992313 155.502592769561 126.06050477901 116.399088914188 135.654430934361 118.863422785855 139.009121882121 117.816177368164 157.929401457736 157.417747014455 128.054812755525 53.5099605582372 71.5769329379124 155.590818051939 59.922925588521 113.757736673895 92.7975502282636 202.715693664551 180.121192932129 201.360091608221 149.293721732447 189.522792816162 0 209.314003499349 200.4315914031 204.401076634725 163.395023789517 210.644417674271 157.949597676595 209.126050612506 147.099072647095 223.39284441548 217.919937133789 196.681663990021 220.719434850356 188.540608723958 207.625846862793 210.942286039654 182.819907633464 182.605251948039 201.223391415028 174.960868041823 160.840969085693 201.802136360331 200.616260235126 186.193800111323 210.153134333623 185.546334499783 183.892523193359 227.996928821911 192.070154825846 205.900976392958
110.908116149902 107.723428249359 166.470415838834 95.7813390844009 66.3093879908338 18.9545271306521 36.1221557427466 99.340576171875 85.1487762551559 19.1936197498975 84.7467293063487 166.283726567807 30.1418144218195 158.706756410145 130.795019425409 10.2330891121779 226.718536376953 168.767877915326 189.234794616699 198.190451882102 66.1659618434674 186.216365814209 73.2532376741108 174.064859473187 48.1676341234845 142.631541265958 175.953568070023 141.992877938282 82.5532303578604 124.628453850746 135.382801349346 137.868385314941 53.9603783773566 136.951466696603 130.08344745636 0 246.824722290039 183.39116859436 100.309490203857 172.985926577919 0 217.456893920898 0 0 172.107183837891 188.736911088992 215.775650024414 182.280147776884 220.294486999512 233.397750854492 0 168.728225708008 155.797836303711 0 213.470085144043 177.377329508464 162.640040079753 0 0 159.249041421073 0 213.030493600028 183.374231338501 172.310084498206 156.036846160889 0 228.293228149414 211.492660522461 181.310760498047 232.642799377441
158.367401123047 52.6223635295081 128.958809970176 47.7239879963369 92.994909286499 0 176.236724853516 100.053997395833 196.410037231445 114.534507470972 133.928204854329 157.455039978027 0 129.625787734985 210.726116943359 226.718536376953 16.5188558022732 126.260342376401 152.802165985107 146.409963698614 0 26.4789376707377 26.653875398957 20.8522810827296 36.726587425194 104.030007839203 119.588490393854 45.8251904809652 51.0490716970884 139.411883460151 109.345664907385 0 0 70.9111241427335 105.668380771364 171.724433898926 126.893644060407 111.448622507592 71.8079370880127 146.227855682373 192.146278381348 191.47569088406 162.20947924998 194.03812450499 117.818731365782 173.969852369659 198.082458496094 212.063730875651 207.112739562988 183.08788482666 164.580253601074 98.2250736953923 152.46237008468 205.323272705078 187.128740411056 232.48511505127 125.477841326341 58.9179200881567 108.479793348085 118.979325186249 0 174.020786361694 104.105921559502 133.124016282785 175.14670905514 133.792155319385 228.590199788411 243.441599527995 154.923813314999 147.281157050334
121.911560193627 62.7765801387763 44.3600558060447 61.5954725077895 191.850200108119 183.945536295573 171.246370266199 144.588494199725 144.693604089279 126.672660827637 186.472913884961 71.3668027045046 203.817694584529 157.754538853963 138.081502277171 168.767877915326 126.260342376401 23.3011612476951 66.4523623471549 33.112521178379 203.763287862142 98.1982640029663 118.124727614382 51.050100256156 135.780326316606 125.975215911865 36.7189320821534 78.3947641386138 142.398005250155 118.192639278317 100.251429515158 97.7333668195284 177.113201482509 97.1100844770935 45.1294144971549 231.054908752441 97.6755425262451 116.866711923322 76.5911004966665 211.876480102539 0 230.027150472005 196.479439508347 209.837316513062 186.014246940613 212.833246231079 182.956336388221 245.992279052734 157.86211512639 209.705052462491 0 150.349524335163 131.113760170362 157.360243577224 131.934425949205 0 174.985448788374 135.043998718262 149.033535264012 181.324683501342 105.05263779803 123.604469104049 116.762723293437 194.896584818682 221.003506747159 182.057432556152 153.588144779205 0 201.158187866211 142.677440007528
161.315417121438 105.052761664757 94.5560897019718 68.9496868289247 189.013051147461 116.360524495443 174.73423306009 183.120581291582 159.55303381215 159.336729107481 183.998018228231 29.3010575451863 173.680816283593 99.8104543551593 143.958519992313 189.234794616699 152.802165985107 66.4523623471549 17.0286912214335 32.6929997942074 182.393130740604 142.061207375875 128.960925382726 124.246563620717 177.722978089985 58.8491332805262 43.7139578346535 88.2194690345629 185.884777641296 135.290446269238 157.065523685553 65.3919655625169 110.280393584162 132.648281228953 67.4921098487776 213.034866333008 125.407888906973 146.671472872221 141.615963560162 233.811891174316 0 239.834365844727 222.02014465332 218.43635559082 206.529414929842 224.176910400391 109.291765089958 222.850397745768 114.54935127866 241.558296203613 225.361541748047 182.697688383215 153.042826006489 123.119967346191 133.124750251444 242.731491088867 215.067188262939 156.961303124061 200.910632324219 223.859363385101 95.0149677758929 119.8849341581 123.54408396882 234.283478509812 213.062216186523 209.214086532593 120.660421633809 176.687255859375 221.227310180664 155.246611701118
145.338197429528 80.726706802845 76.4861929448244 83.9820022030153 185.803347632999 224.444320678711 177.381923500149 173.373308102068 166.503950539802 160.800381226973 184.207432941326 45.8329492960069 176.003224433223 115.875026521229 155.502592769561 198.190451882102 146.409963698614 33.112521178379 32.6929997942074 21.927522736303 177.315058582234 125.661662499699 131.739141676161 109.674548209528 171.434345901012 94.531810760498 38.2863439334188 97.2339243837265 178.357624567472 138.043870401906 134.651229242178 90.1837460801408 132.241402816772 119.740133792162 49.6499640507902 207.739074707031 104.485726563827 138.356412585638 102.051357158716 222.907329559326 0 230.612167358398 207.078186035156 0 199.11314868927 236.51850382487 143.336361312866 242.166770935059 154.903633308411 220.286613464355 0 181.442091134878 140.359467230903 137.896712348575 127.634330173708 245.697957356771 197.983270645142 150.449775218964 179.941524505615 204.737343493803 99.4706045091152 119.923677968649 126.245417220317 224.800758708607 173.146060943604 187.702744620187 146.084578283902 0 177.748756408691 169.144484111241
161.813259669713 188.4072265625 183.78304604923 143.527365184966 18.0250198491717 103.117011508426 72.1762120411616 128.514494023268 116.648456654306 59.4440117868884 39.5421587258657 164.694280286516 27.3437640236428 165.530516158703 126.06050477901 66.1659618434674 0 203.763287862142 182.393130740604 177.315058582234 13.4302380331188 205.637785169813 194.185712814331 203.598979314168 17.3750876832691 161.30184173584 186.813250102694 190.722333669662 38.6412605727534 123.282253936308 177.344277871622 189.101404825846 132.397859984489 99.1839141845703 109.028525986822 159.549763997396 187.825759887695 0 94.8098742167155 125.76725262278 226.722938537598 177.421685560694 167.635500166151 198.940741644965 139.470568974813 167.06696234809 230.341184616089 161.56330908046 181.280685424805 205.546250519929 171.727010250092 0 0 0 0 159.334299556112 195.071998596191 247.616683959961 218.719294230143 136.424409111179 215.224754333496 221.981185913086 220.398782348633 151.369463809295 191.669299897693 204.858205159505 0 214.411235809326 177.627372741699 190.545988411739
98.8559964737802 107.6161181132 76.2522720658719 75.0615243911743 161.688299005682 159.882385253906 131.292764319748 82.5036343413233 123.798139390837 143.381057337711 129.331008814802 128.42257329947 183.296988487244 171.805491129557 116.399088914188 186.216365814209 26.4789376707377 98.1982640029663 142.061207375875 125.661662499699 205.637785169813 19.8883533594201 70.774728474617 36.8484627666588 47.1921257326347 160.873542785645 123.648605253211 98.23551890968 43.8887199329672 96.3221654091335 35.7055133314869 145.25235748291 162.019298244167 63.2706668692314 50.8708645823091 156.423161708947 165.957290649414 155.667620256614 99.7661715712503 146.05820939599 192.730239868164 200.344001506937 167.361640509658 199.240425109863 108.244211586573 177.379147192675 217.206443786621 194.937047322591 223.292490641276 173.325240074834 148.270882415771 127.837674805038 184.236737481479 226.84772164481 199.740851577447 197.140670776367 132.588959065784 109.891909986734 134.860349556878 127.257309348962 183.616943359375 195.905571813169 160.871687706293 135.237888337103 153.002412985995 135.350258515921 234.080268859863 193.736134847005 135.191102172852 147.392331956983
120.455301920573 24.7392163571719 122.976792870498 26.9190097458935 66.2852183885811 128.234903971354 181.828448613485 93.1013592738731 164.416759490967 29.3447013031797 167.910636901855 115.133220921392 192.978707313538 93.7983467765476 135.654430934361 73.2532376741108 26.653875398957 118.124727614382 128.960925382726 131.739141676161 194.185712814331 70.774728474617 12.8205115308767 65.0699174793196 45.0170705473274 74.2986596619342 119.597137090728 53.1790732935747 71.0356143762258 102.54603458273 74.7722134465757 108.622281854803 149.298801967076 85.0116836547852 112.503506823703 0 113.350585392543 105.512475415535 42.3232680537083 126.531823657808 245.327209472656 197.331644231623 157.958099119125 195.160223153921 50.8729601231488 155.349801540375 158.742372131348 127.111457824707 148.778394568057 154.230894300673 74.9606895446777 77.5092383547485 139.93858100628 200.085586547852 167.810216463529 0 101.690895606732 26.2236277565194 95.8660151943839 94.7099649638987 144.255286476829 166.56075503848 92.8853974972324 104.960604683298 124.827553340367 115.442256880395 168.047498575846 206.743626912435 122.761241149902 125.958132126752
103.609606728434 105.669449397496 41.6632969683256 94.0802708287393 193.412117767334 164.681488037109 149.424783946912 95.1922880046979 124.325898683326 168.12899599237 148.91556247912 121.13257250472 204.81547974887 186.207906723022 118.863422785855 174.064859473187 20.8522810827296 51.050100256156 124.246563620717 109.674548209528 203.598979314168 36.8484627666588 65.0699174793196 21.9975799053917 64.7577857613383 156.986150741577 93.3474223778837 55.410266697574 73.1767261853081 104.654904475258 77.5905752357901 131.148539079939 169.540181105699 88.0273256946961 49.0131887605052 167.168690999349 133.653891619514 114.785388747063 102.208299218155 155.081185591848 207.630714416504 197.990585079038 174.197218384646 198.049396434583 126.380177994849 182.90963549363 197.091003417969 197.85843234592 211.142501831055 191.586410789223 184.481704711914 114.336728051545 155.939659253686 196.644179124099 184.222485542297 237.488265991211 134.598019769873 83.900812586292 120.300367403261 133.043550764072 161.015558416193 173.470254302025 115.577173640752 149.696750467712 175.063177433251 142.409079709037 204.775127410889 238.528120040894 156.667783578237 152.828872716315
112.955973658068 83.1042153518264 127.715715953282 55.8119540633645 25.4577172591469 84.0695983695186 89.8206510996995 66.3713649184336 129.571743496215 31.0118845278396 81.1087375527653 168.518678199196 34.7632919861084 147.886047923908 139.009121882121 48.1676341234845 36.726587425194 135.780326316606 177.722978089985 171.434345901012 17.3750876832691 47.1921257326347 45.0170705473274 64.7577857613383 17.4852118866184 128.869406822328 146.994520266751 110.521195047867 39.1561959424398 116.364510666372 92.8847525715302 164.593265767 130.966359896923 92.9880217377251 124.10036063169 150.896394165039 189.338873726981 159.987044157805 74.9284505462646 125.064791348026 177.90834942986 161.898816605689 159.710586154584 182.107202796738 95.369103112362 146.266545094992 212.402732368949 145.173720066364 202.311552170424 171.829952344316 149.432849659639 123.298547224216 179.93915509748 222.280674055511 207.555912344796 133.015922091423 128.923788839471 90.3410870243604 134.254197362931 116.321413070495 192.522880122347 208.097879766108 161.154240191971 126.039928263393 155.437020537432 136.430191261784 221.095986155282 192.219898196032 137.037356567383 152.194197284125
0 28.2386236465048 117.399031321208 39.9723276766352 143.432729563994 89.166145324707 152.793974982368 182.448598861694 107.396428789411 112.284707436675 175.878109741211 42.5444135239454 181.627743312291 25.5019918810326 117.816177368164 142.631541265958 104.030007839203 125.975215911865 58.8491332805262 94.531810760498 161.30184173584 160.873542785645 74.2986596619342 156.986150741577 128.869406822328 12.0159315112456 66.9547213765772 35.3382417790476 159.242226736886 114.025052112082 164.780581156413 51.1917299150347 95.0010827609471 0 68.7903282315123 186.537536621094 82.6988873384437 130.335252761841 42.7132249925867 184.102493286133 236.453979492188 116.136436462402 216.373123168945 169.445205688477 151.916172572545 215.298515319824 73.1470252118369 0 70.9958963247446 174.605223083496 191.775573730469 186.416893005371 109.36511294047 97.9700241088867 102.381831729535 0 175.512992858887 106.426595415388 160.719095865885 178.45664469401 49.5226810009719 97.9004008262534 96.125319987878 225.233224051339 232.83967590332 158.205413818359 94.7056778053832 122.206428527832 0 116.760058182936
149.528598078975 68.400575365339 50.2438029143261 61.0582956073377 182.502489530123 141.298825073242 180.630357145422 157.70414453505 164.105046092152 139.201592753484 181.371529521778 47.7589174475051 178.130374733461 91.9096014647963 157.929401457736 175.953568070023 119.588490393854 36.7189320821534 43.7139578346535 38.2863439334188 186.813250102694 123.648605253211 119.597137090728 93.3474223778837 146.994520266751 66.9547213765772 28.29445194205 54.0851437119118 158.036819619111 142.659941158534 151.270623541498 41.1887218511254 120.881901293729 144.261246465868 83.8109432162367 196.513884650336 91.5255973531593 115.057542108532 87.523332526957 221.939595309171 221.987686157227 214.77134007993 203.931800596176 218.351145426432 184.433266184174 228.496648015203 107.74404278522 224.939814480868 107.727085326037 209.309512002128 218.273673248291 167.343706791217 125.93772815449 122.038772606531 119.140929810925 228.428916931152 194.642446289062 145.336458994387 167.649683480893 188.762360996815 87.8332300368989 109.555598876978 111.984785415767 211.887048361958 195.156218906619 190.343338454979 119.631892187275 178.404353055087 184.765696207682 145.545484485911
147.149047642538 39.6669552251266 42.0838801940167 53.1357195259207 141.523425164021 188.335661454634 167.115301500983 118.070668683503 158.953613912877 116.56922624171 168.420106532487 95.9509259586013 187.757681323636 45.8483018166661 157.417747014455 141.992877938282 45.8251904809652 78.3947641386138 88.2194690345629 97.2339243837265 190.722333669662 98.23551890968 53.1790732935747 55.410266697574 110.521195047867 35.3382417790476 54.0851437119118 23.1902207940379 101.884505413765 147.276082097074 129.116002854143 50.2857870161355 141.021080549373 127.385178089142 81.5915017100055 188.526970961998 95.7146609300261 104.337419892344 59.0314985436091 189.467564037868 218.652708053589 205.523740768433 174.930484746796 199.763205898382 166.00997872389 196.068810578364 119.964077990568 225.982868830363 119.583774605068 192.737125310182 179.865433611189 107.414253169808 122.397866563738 126.71182093127 125.26302141218 216.458993765024 158.074622742924 80.2568723914686 119.309656992174 157.665117028892 92.0907241068613 114.744414188456 101.960409213097 165.838878268845 200.702242330539 169.708027800525 128.607941618534 201.083644866943 170.108516693115 135.695815911092
110.248584461212 114.763665698823 103.959669938706 79.9912452892381 29.4062390683069 119.526384213096 85.9368915045133 43.0971780302046 121.215349598704 59.5548574007474 47.8179874820921 173.531843625151 62.8303332188073 171.228177227551 128.054812755525 82.5532303578604 51.0490716970884 142.398005250155 185.884777641296 178.357624567472 38.6412605727534 43.8887199329672 71.0356143762258 73.1767261853081 39.1561959424398 159.242226736886 158.036819619111 101.884505413765 22.3598648561352 110.379455011452 45.2975856191602 188.344017982483 148.188472810596 82.2418288216373 92.6794242044299 154.969311344731 183.916283501519 170.86676853108 85.5867438796879 143.633257690686 195.975695523349 174.403071908976 167.359859457661 190.810344887516 108.141959443277 163.039055038954 224.313812580514 160.968364305207 214.966407327091 183.732346052436 164.736633980628 143.035965062886 187.653210957845 233.560162963867 222.588048299154 156.078935338627 143.81399218585 140.068610865895 157.167670206758 127.120888974357 228.339861783114 215.692294352763 175.638223368588 139.705646592728 168.048483773475 147.405648455002 240.504684448242 200.909678308039 151.254954209199 163.350300476074
31.87220464257 139.794590250651 136.140422512363 96.975941313415 121.854052642516 52.8947627982315 126.620699319221 102.043361303203 101.115631867875 98.5679229917262 119.36258373153 98.9308268619848 120.563399937454 83.8413781970739 53.5099605582372 124.628453850746 139.411883460151 118.192639278317 135.290446269238 138.043870401906 123.282253936308 96.3221654091335 102.54603458273 104.654904475258 116.364510666372 114.025052112082 142.659941158534 147.276082097074 110.379455011452 23.2496444575848 47.096994725616 137.79891317031 26.5574613821542 26.8411478381845 50.0157004220067 200.779067993164 155.510528564453 192.663399832589 114.233503734792 175.847618721627 0 200.500175984701 188.80286432902 203.872118268694 139.686283689557 199.047316092032 210.507933044434 191.004697759101 116.493915739514 206.354110386061 191.270098876953 162.059266975127 209.313085382635 223.051284790039 202.320080566406 190.208787979618 151.890255582505 171.305609130859 169.25377709525 155.551312769676 122.011781692505 195.052857043696 189.280636681451 161.950897825736 190.19960788303 156.293910317792 194.994051615397 215.183474372415 164.453977514196 188.643494686838
39.2238232151636 112.911596298218 104.697405239297 86.2117950511429 136.607567864495 115.92297908238 128.131397413976 35.74029744641 85.1084478010365 78.8185520279879 124.254826049478 152.706028980814 178.611860109412 163.241544835708 71.5769329379124 135.382801349346 109.345664907385 100.251429515158 157.065523685553 134.651229242178 177.344277871622 35.7055133314869 74.7722134465757 77.5905752357901 92.8847525715302 164.780581156413 151.270623541498 129.116002854143 45.2975856191602 47.096994725616 18.6239030455019 186.244448343913 137.739607620239 42.3463884153334 42.8572652554886 164.098097229004 221.479583740234 177.520064614036 112.790183905399 155.805614259508 0 193.878820419312 169.0866992657 202.012297312419 121.622227986654 180.524307550169 207.861264038086 198.467819213867 0 186.016928299614 176.649993896484 133.849401388595 182.118209075928 198.228576660156 224.4802734375 166.209747314453 135.057137694247 129.986094156901 144.073271945304 135.576703152329 189.014343261719 193.219990730286 179.249453188768 137.420097980526 159.984536391038 140.278448060501 234.847152709961 199.60489654541 140.374701760032 150.179518642196
132.175628662109 102.657700220744 101.372604884458 68.0305025312636 179.74144744873 93.4551620483398 177.37957611084 190.430024953989 161.340822855632 148.633128051758 192.921221610827 47.5831938865253 184.502661743164 32.7759080683818 155.590818051939 137.868385314941 0 97.7333668195284 65.3919655625169 90.1837460801408 189.101404825846 145.25235748291 108.622281854803 131.148539079939 164.593265767 51.1917299150347 41.1887218511254 50.2857870161355 188.344017982483 137.79891317031 186.244448343913 23.0137930747071 117.971352025082 147.691558837891 86.0792396658718 0 129.267688441921 172.034411343661 111.806958978826 0 165.777881622314 225.202453613281 224.044250488281 220.606094360352 200.078187272355 242.870178222656 100.402388690767 0 103.644385909568 187.293048858643 0 210.221659342448 181.305293690075 114.885460880216 146.145441532135 0 0 154.528129331527 202.136102294922 215.571798400879 93.1614640156428 116.311069889558 118.620436290612 239.721466064453 0 239.850250244141 113.95561340332 159.033259073893 0 132.462344578334
115.285273890341 118.409308624268 184.819636951793 131.109350724654 138.84070905507 19.6372841139571 46.7870259703416 142.106101169648 41.6822425931616 137.210440931649 138.566862451984 88.5801999699938 116.41678417085 79.434623392683 59.922925588521 53.9603783773566 0 177.113201482509 110.280393584162 132.241402816772 132.397859984489 162.019298244167 149.298801967076 169.540181105699 130.966359896923 95.0010827609471 120.881901293729 141.021080549373 148.188472810596 26.5574613821542 137.739607620239 117.971352025082 9.20510624608007 143.517284393311 36.9206065648581 235.026870727539 156.589729309082 230.218231201172 130.982301712036 200.532893412822 0 142.414674546984 211.82411702474 139.17033996582 211.940366109212 221.406867133247 161.380758921305 215.649628533257 121.3818953543 225.476721869575 210.754720052083 210.635314941406 0 221.963088989258 172.366889953613 210.809795379639 238.526290893555 204.370157877604 242.026992797852 196.254368260964 136.544261932373 183.464281005859 190.256257334063 201.194044494629 220.602315729315 202.240737915039 181.130826677595 145.844308332963 224.278419494629 225.917887968176
65.9430916624249 104.988986968994 125.468402001166 85.1434505169208 111.059333377414 0 128.95264449774 87.4854272965696 130.438358840942 84.4175241694731 113.495581220872 122.850538080389 170.981811523438 0 113.757736673895 136.951466696603 70.9111241427335 97.1100844770935 132.648281228953 119.740133792162 99.1839141845703 63.2706668692314 85.0116836547852 88.0273256946961 92.9880217377251 0 144.261246465868 127.385178089142 82.2418288216373 26.8411478381845 42.3463884153334 147.691558837891 143.517284393311 9.40790992476083 26.5635395131138 178.250696818034 0 182.535482788086 111.919417245047 147.28448232015 0 242.909072875977 178.240161895752 209.918757120768 112.218391418457 191.363362121582 215.373336791992 190.94079173695 0 194.088748386928 0 134.112828130307 206.624984741211 220.940124511719 241.703460693359 222.689737955729 127.710842781879 73.8260065714518 166.871960392705 135.679096835997 0 171.412139892578 187.409823099772 142.821523259601 158.109407167177 129.718244318377 205.450088500977 223.723342895508 144.281898498535 173.389155994762
92.3469856125968 95.315785933514 87.3001486108885 74.7867278264574 114.464513497982 28.5843673140504 111.627078461847 101.98342839064 125.249251390891 125.778222292464 104.127133512363 39.2321233719514 106.067027965143 42.8963497964292 92.7975502282636 130.08344745636 105.668380771364 45.1294144971549 67.4921098487776 49.6499640507902 109.028525986822 50.8708645823091 112.503506823703 49.0131887605052 124.10036063169 68.7903282315123 83.8109432162367 81.5915017100055 92.6794242044299 50.0157004220067 42.8572652554886 86.0792396658718 36.9206065648581 26.5635395131138 17.4832438530751 179.20404291153 106.021977742513 129.584299649593 87.7718926572252 167.752180839071 0 200.997674730089 189.743496543483 205.283534749349 156.020892333984 194.260860248204 148.731845749749 185.813906130583 108.714805714405 206.819775475396 211.718826293945 139.296229475636 147.016235248463 152.268493305553 156.95367867606 191.184387207031 154.391298998584 131.101001005906 148.180565154247 152.298700885115 103.856887714283 142.680007284602 130.499554332067 163.410947592862 185.826550091884 158.463603748995 157.6715675354 186.995763338529 177.18713039822 179.320679159725
0 0 180.281201876127 115.556559426444 161.850882636176 0 189.663070678711 180.884378606623 230.333847045898 107.012990315755 193.295075734456 247.891693115234 170.628211975098 0 202.715693664551 0 171.724433898926 231.054908752441 213.034866333008 207.739074707031 159.549763997396 156.423161708947 0 167.168690999349 150.896394165039 186.537536621094 196.513884650336 188.526970961998 154.969311344731 200.779067993164 164.098097229004 0 235.026870727539 178.250696818034 179.20404291153 13.9488321885319 0 125.37168996762 88.7421783819431 99.2821585337321 153.96538289388 119.580222198929 39.1328957225444 81.6654683916756 88.5017776489258 104.042287823244 135.809538188734 134.3798776442 183.980400085449 31.198742461959 124.660404429716 142.063285827637 117.173920837402 145.169163332147 132.970402730873 112.051120758057 105.476797936668 154.260670979818 112.788851208957 105.690805823256 136.978256225586 138.449700179853 140.232817124051 97.0418310604637 31.0107682187354 46.0915590523932 180.374692281087 102.20860237299 57.6868195211081 93.5768817964147
0 74.4826545715332 98.4538427734375 80.3640415729621 205.321929931641 0 215.33889465332 168.895660400391 181.999389648438 158.49427541097 192.996887207031 108.471407418299 209.831665039062 108.46496089055 180.121192932129 246.824722290039 126.893644060407 97.6755425262451 125.407888906973 104.485726563827 187.825759887695 165.957290649414 113.350585392543 133.653891619514 189.338873726981 82.6988873384437 91.5255973531593 95.7146609300261 183.916283501519 155.510528564453 221.479583740234 129.267688441921 156.589729309082 0 106.021977742513 0 6.9466929755475 72.2227006488376 17.2099377737417 108.395264681648 159.56662495931 135.463586807251 178.264709472656 153.116678025987 74.5069523990154 203.256968906948 68.8334247388338 154.832471847534 60.2860068334058 171.808410644531 112.445398431075 71.8134009838104 85.4229881699021 110.813061014811 77.5841490626335 207.708869934082 114.012468338013 26.8982403399223 104.042805262974 83.9674816371699 27.0877877887549 65.7580973555402 32.9421029210641 118.604680887858 154.463121202257 125.594880785261 125.572046694548 117.352842603411 0 94.1142490756127
192.759098052979 83.6996360967967 106.418714270976 113.488209679013 192.875534057617 0 211.276957375663 180.601369078054 201.303080645475 162.554260383218 202.129587346857 159.515242649959 0 174.426235834757 201.360091608221 183.39116859436 111.448622507592 116.866711923322 146.671472872221 138.356412585638 0 155.667620256614 105.512475415535 114.785388747063 159.987044157805 130.335252761841 115.057542108532 104.337419892344 170.86676853108 192.663399832589 177.520064614036 172.034411343661 230.218231201172 182.535482788086 129.584299649593 125.37168996762 72.2227006488376 19.9902220836494 109.588439941406 182.931640132781 177.128331502279 146.924278884922 104.394440572081 139.383117718178 168.67474492391 148.403982692677 178.173647948674 207.978075009301 174.523749131423 130.951068911734 165.019971786007 144.297755188412 51.75580357863 129.951701237605 67.2293832212255 199.145565668742 76.6056975283364 114.220713043213 39.7791869679835 150.3286737974 156.029866305265 47.0835893482481 33.8994200787544 99.4273198971566 157.740309883927 108.940235333667 122.523247817467 189.094494528022 134.374057970549 106.910741140044
155.919914245605 41.5795004302508 71.2670299752245 15.2051930822963 75.8482972651577 165.740112304688 122.314842023348 111.14130692733 145.40593447004 33.3241530166482 99.0049303756771 96.9138066491415 107.987430844988 72.9041551355127 149.293721732447 100.309490203857 71.8079370880127 76.5911004966665 141.615963560162 102.051357158716 94.8098742167155 99.7661715712503 42.3232680537083 102.208299218155 74.9284505462646 42.7132249925867 87.523332526957 59.0314985436091 85.5867438796879 114.233503734792 112.790183905399 111.806958978826 130.982301712036 111.919417245047 87.7718926572252 88.7421783819431 17.2099377737417 109.588439941406 11.7868130630648 62.3093315916635 145.150517272949 118.292751134828 117.82062508925 141.213551376805 29.5992113205524 88.1188868380141 87.2802264087171 87.2105798646221 39.7903247749596 112.594266695397 88.3672488530477 63.3419340246975 86.5329341888428 113.70196225093 92.7533254350935 70.515317616729 84.7393347832464 29.6475322518942 96.7072906045353 52.2744862262541 38.0811515493879 71.815025688398 41.9040480494388 73.879691204257 89.9497099430003 87.9636855492225 122.866706936858 124.760577307807 73.0723755485133 85.7671433283278
153.374164581299 159.775115966797 183.846237182617 77.9644937515259 140.91788623318 0 172.641947254631 151.785781237544 181.290509851967 84.2589608803774 160.512367145782 223.959480013166 156.77232662248 214.119405110677 189.522792816162 172.985926577919 146.227855682373 211.876480102539 233.811891174316 222.907329559326 125.76725262278 146.05820939599 126.531823657808 155.081185591848 125.064791348026 184.102493286133 221.939595309171 189.467564037868 143.633257690686 175.847618721627 155.805614259508 0 200.532893412822 147.28448232015 167.752180839071 99.2821585337321 108.395264681648 182.931640132781 62.3093315916635 14.1231254461645 109.049390533824 98.5003961178294 110.014194476299 130.215835571289 49.9607421626215 29.9447120860198 175.480896099895 31.4624389383318 171.53067096911 123.693715473074 64.8859694577646 153.252925872803 184.614768243605 186.500901595406 190.147520519438 17.6224634157673 182.242116655622 75.2704538336382 163.753455550582 25.7510067710901 140.457069962113 186.454408065132 135.275074877058 29.5099723241491 119.112920033846 106.483867172367 202.795013427734 147.661192198057 104.799620657256 116.40491188897
215.868499755859 225.584945678711 0 106.491493225098 167.779866536458 0 193.67407989502 0 0 0 207.926096598307 97.6491928100586 0 109.160646438599 0 0 192.146278381348 0 0 0 226.722938537598 192.730239868164 245.327209472656 207.630714416504 177.90834942986 236.453979492188 221.987686157227 218.652708053589 195.975695523349 0 0 165.777881622314 0 0 0 153.96538289388 159.56662495931 177.128331502279 145.150517272949 109.049390533824 9.78390966721562 25.2165306623144 121.27216685902 94.0614991574674 64.2059791817153 103.57823454153 71.3099412992597 94.3662208366394 72.8200025952552 136.043225288391 23.6423305958504 0 219.957244873047 93.228100047392 187.532745361328 105.007430860731 148.611175537109 113.178147055886 179.563063485282 86.0087218011757 111.145382351345 124.890066964286 174.309455246222 119.290346699376 148.041899323463 123.535451253255 96.7865229288737 8.44172632463517 0 31.822322593545
215.736145019531 176.570007324219 207.152243913923 127.945004463196 166.244146083429 0 181.253709248134 194.666199628045 191.62977382115 115.562735493978 178.807412380642 200.424759674072 181.016122323495 155.058508131239 209.314003499349 217.456893920898 191.47569088406 230.027150472005 239.834365844727 230.612167358398 177.421685560694 200.344001506937 197.331644231623 197.990585079038 161.898816605689 116.136436462402 214.77134007993 205.523740768433 174.403071908976 200.500175984701 193.878820419312 225.202453613281 142.414674546984 242.909072875977 200.997674730089 119.580222198929 135.463586807251 146.924278884922 118.292751134828 98.5003961178294 25.2165306623144 21.2599927765117 80.9025679779832 44.0486013565049 72.2840414763875 43.7781967724088 113.45511198173 49.3731814505859 93.6537319741598 89.4524171421665 32.6448889561094 123.314297676086 182.823611549038 145.747423468696 189.264694395519 86.7651970614294 124.335006959977 118.932735697428 132.136974237274 87.7823073069255 126.473340034485 179.929047469937 150.962850413073 96.0284872521887 125.152188100498 134.636944658879 141.203247957451 74.3035176546433 148.658864339193 94.990095122454
0 158.770913260324 179.30305042417 120.473327636719 164.06734809097 183.321563720703 185.711655934652 181.39793117072 186.355176653181 149.073014831543 176.717716693878 221.734632873535 170.394591883609 229.146789550781 200.4315914031 0 162.20947924998 196.479439508347 222.02014465332 207.078186035156 167.635500166151 167.361640509658 157.958099119125 174.197218384646 159.710586154584 216.373123168945 203.931800596176 174.930484746796 167.359859457661 188.80286432902 169.0866992657 224.044250488281 211.82411702474 178.240161895752 189.743496543483 39.1328957225444 178.264709472656 104.394440572081 117.82062508925 110.014194476299 121.27216685902 80.9025679779832 25.0560734123057 83.5434649218907 117.133307334704 41.504695439215 165.942685097291 152.942711436749 180.15195719401 60.1900207701505 105.570289585508 115.123077901204 118.074521725472 166.966464385143 138.149654557681 135.236599479566 88.6576221718657 131.865220013787 88.0823776558078 103.169925305992 194.724737548828 135.370048479366 120.054741472604 40.2057580049364 80.9953716930954 45.9301989271452 187.713363647461 139.700087876419 85.7672198780796 100.721784819187
0 194.458227157593 202.854928016663 149.398329598563 193.494509015765 0 189.265546910903 198.158769960757 178.912905273438 147.678388118744 209.979431152344 132.468404981825 202.555502755301 165.772875005549 204.401076634725 0 194.03812450499 209.837316513062 218.43635559082 0 198.940741644965 199.240425109863 195.160223153921 198.049396434583 182.107202796738 169.445205688477 218.351145426432 199.763205898382 190.810344887516 203.872118268694 202.012297312419 220.606094360352 139.17033996582 209.918757120768 205.283534749349 81.6654683916756 153.116678025987 139.383117718178 141.213551376805 130.215835571289 94.0614991574674 44.0486013565049 83.5434649218907 26.5080921647847 114.891905564528 70.0776680287382 108.452809266877 111.832639544069 86.6314864280896 33.8715930710507 70.516847764942 171.618755340576 159.086039517284 144.325798595653 167.257696785305 120.696658309025 121.301362568682 161.891060829163 130.987041422099 122.247097788991 141.227089291527 166.204861205977 160.920272686385 119.080777567649 97.6598164405658 120.784880901729 130.765172356053 31.5075347856868 167.171498812162 111.588434018082
177.485862731934 172.660525235263 158.077890907846 40.8911791219779 110.85125430425 0 159.629281436696 128.03793010427 163.76945537991 44.861407661438 130.539526844025 186.649015870813 142.946269565158 185.003286662855 163.395023789517 172.107183837891 117.818731365782 186.014246940613 206.529414929842 199.11314868927 139.470568974813 108.244211586573 50.8729601231488 126.380177994849 95.369103112362 151.916172572545 184.433266184174 166.00997872389 108.141959443277 139.686283689557 121.622227986654 200.078187272355 211.940366109212 112.218391418457 156.020892333984 88.5017776489258 74.5069523990154 168.67474492391 29.5992113205524 49.9607421626215 64.2059791817153 72.2840414763875 117.133307334704 114.891905564528 11.3126204362797 88.6716310558401 150.079745977697 48.9701422065496 135.175070508321 119.536641810062 25.7105144430927 146.654327623772 162.145010575004 172.843873977661 153.852118323831 66.6966341438023 179.962184559215 33.7340636810691 179.154835244884 27.8286240408527 111.93973227406 144.964257217768 109.765024766155 64.7662624910027 99.5433541637356 86.9733201435634 173.072704739041 155.200624389648 86.3946918688322 106.857650728787
160.126556396484 187.062808227539 195.720169643186 106.431001693483 158.973856091005 186.903115844727 178.743092956543 166.566787369754 201.245232195894 105.690688976343 174.2503560029 237.720380840879 171.472292617515 224.0035027398 210.644417674271 188.736911088992 173.969852369659 212.833246231079 224.176910400391 236.51850382487 167.06696234809 177.379147192675 155.349801540375 182.90963549363 146.266545094992 215.298515319824 228.496648015203 196.068810578364 163.039055038954 199.047316092032 180.524307550169 242.870178222656 221.406867133247 191.363362121582 194.260860248204 104.042287823244 203.256968906948 148.403982692677 88.1188868380141 29.9447120860198 103.57823454153 43.7781967724088 41.504695439215 70.0776680287382 88.6716310558401 23.1639770121174 163.552813507678 35.030459033224 175.168040771484 92.9615593487121 73.3235527020707 117.470798601423 177.652308523793 178.608289064282 186.603742923974 36.972667285358 106.122331531998 124.633712768555 119.33996682418 76.5184552222436 187.951727549235 187.893310092416 131.021100240054 51.6060667195875 116.899483147642 130.790310248131 186.152799627754 132.74371572251 117.387963332139 111.384157286341
238.057189941406 115.842977852657 166.237386603104 126.75902401468 222.926324462891 0 226.59147644043 227.875411987305 208.421463012695 191.74563895882 230.255028975637 86.0353124566182 219.348560878209 89.2612949409581 157.949597676595 215.775650024414 198.082458496094 182.956336388221 109.291765089958 143.336361312866 230.341184616089 217.206443786621 158.742372131348 197.091003417969 212.402732368949 73.1470252118369 107.74404278522 119.964077990568 224.313812580514 210.507933044434 207.861264038086 100.402388690767 161.380758921305 215.373336791992 148.731845749749 135.809538188734 68.8334247388338 178.173647948674 87.2802264087171 175.480896099895 71.3099412992597 113.45511198173 165.942685097291 108.452809266877 150.079745977697 163.552813507678 19.6234983109861 159.422212964435 29.5290678971644 109.736266905336 136.179540285857 167.891626458419 76.5107042217255 33.5910295150858 55.3953201644981 164.656521118164 122.491955835885 102.827104815315 120.728635972546 165.694517180676 33.338681186621 43.3928792594869 95.5779062973056 171.355105266077 100.736966687579 122.0707279023 53.2695328813824 78.2424316829773 126.597538630168 33.7499760796164
186.102310180664 0 0 126.496430053711 155.031504282694 225.212371826172 175.048806949538 161.702653020406 195.444653625488 104.314347839355 169.498741576769 221.929779900445 165.819522833674 174.50471496582 209.126050612506 182.280147776884 212.063730875651 245.992279052734 222.850397745768 242.166770935059 161.56330908046 194.937047322591 127.111457824707 197.85843234592 145.173720066364 0 224.939814480868 225.982868830363 160.968364305207 191.004697759101 198.467819213867 0 215.649628533257 190.94079173695 185.813906130583 134.3798776442 154.832471847534 207.978075009301 87.2105798646221 31.4624389383318 94.3662208366394 49.3731814505859 152.942711436749 111.832639544069 48.9701422065496 35.030459033224 159.422212964435 17.5529169449593 165.158992573366 119.062159835054 32.5253480304744 186.372451782227 209.423326799946 177.370145012351 186.119579387161 23.6026266777054 170.31864654541 124.176911354065 191.6700328245 45.978085831002 182.143715752496 191.895371355329 186.781767877156 70.4743651891259 123.832688819541 157.118990531335 176.586282951887 130.382355560303 120.616010284424 111.533621769378
0 117.875775446657 184.892071810636 118.444280864906 215.983020489032 141.664142608643 155.6910188463 199.549922943115 155.651296888079 183.496439792799 201.374159495036 80.434921301382 203.484112079327 84.3707928615106 147.099072647095 220.294486999512 207.112739562988 157.86211512639 114.54935127866 154.903633308411 181.280685424805 223.292490641276 148.778394568057 211.142501831055 202.311552170424 70.9958963247446 107.727085326037 119.583774605068 214.966407327091 116.493915739514 0 103.644385909568 121.3818953543 0 108.714805714405 183.980400085449 60.2860068334058 174.523749131423 39.7903247749596 171.53067096911 72.8200025952552 93.6537319741598 180.15195719401 86.6314864280896 135.175070508321 175.168040771484 29.5290678971644 165.158992573366 12.5442175895697 108.843188672963 148.655023362901 152.281246185303 145.901565551758 60.248836356269 146.257561336864 179.104075840541 177.938220977783 92.2729710053633 204.204159545898 147.291506910324 24.4921541539186 99.5781396040645 42.0208958742438 180.919621058873 89.1636763723273 187.440387301975 42.0994180741121 75.0590917826077 0 46.2781758403304
203.497006225586 191.704456329346 192.179390548112 131.759087579901 190.098003005981 174.880851745605 215.558617965035 192.328765508697 211.205046804328 150.562660423485 208.645245056152 177.941071646554 206.081514835358 160.651401172985 223.39284441548 233.397750854492 183.08788482666 209.705052462491 241.558296203613 220.286613464355 205.546250519929 173.325240074834 154.230894300673 191.586410789223 171.829952344316 174.605223083496 209.309512002128 192.737125310182 183.732346052436 206.354110386061 186.016928299614 187.293048858643 225.476721869575 194.088748386928 206.819775475396 31.198742461959 171.808410644531 130.951068911734 112.594266695397 123.693715473074 136.043225288391 89.4524171421665 60.1900207701505 33.8715930710507 119.536641810062 92.9615593487121 109.736266905336 119.062159835054 108.843188672963 20.7754126899173 103.657707524493 179.778917383265 144.794830885182 146.147501388085 155.008090811032 122.171234149713 121.05819118597 152.343442644392 122.453049795113 123.980292873643 165.297671794891 157.828033867469 157.957969818594 118.128690369397 50.0641620754355 87.4836638190529 141.352635505872 41.4572346489979 121.126113171847 89.9381033780156
0 231.682189941406 241.696182250977 102.764162063599 160.340789563728 0 170.019933064779 175.6922654372 224.154903411865 99.9552485148112 162.11267397297 226.804079691569 161.949057328074 214.694512939453 217.919937133789 0 164.580253601074 0 225.361541748047 0 171.727010250092 148.270882415771 74.9606895446777 184.481704711914 149.432849659639 191.775573730469 218.273673248291 179.865433611189 164.736633980628 191.270098876953 176.649993896484 0 210.754720052083 0 211.718826293945 124.660404429716 112.445398431075 165.019971786007 88.3672488530477 64.8859694577646 23.6423305958504 32.6448889561094 105.570289585508 70.516847764942 25.7105144430927 73.3235527020707 136.179540285857 32.5253480304744 148.655023362901 103.657707524493 10.6193748861566 186.124034336635 191.796321868896 158.132660715204 193.88643951416 64.4970411165164 145.219205583845 79.7642278874174 150.338138368395 47.5121824520896 151.314338684082 173.830119589101 143.862615532831 85.8740437898768 123.68061273109 126.491470336914 177.525838216146 91.7697664082344 119.698463439941 108.781639996697
178.856727600098 126.848790849958 116.113629139088 79.3561463007113 153.161045074463 245.815811157227 196.195267775963 163.585455312817 188.50793096369 126.689547008938 175.521786281041 193.076007843018 0 194.852271185981 196.681663990021 168.728225708008 98.2250736953923 150.349524335163 182.697688383215 181.442091134878 0 127.837674805038 77.5092383547485 114.336728051545 123.298547224216 186.416893005371 167.343706791217 107.414253169808 143.035965062886 162.059266975127 133.849401388595 210.221659342448 210.635314941406 134.112828130307 139.296229475636 142.063285827637 71.8134009838104 144.297755188412 63.3419340246975 153.252925872803 0 123.314297676086 115.123077901204 171.618755340576 146.654327623772 117.470798601423 167.891626458419 186.372451782227 152.281246185303 179.778917383265 186.124034336635 15.1514289748979 117.685998843667 153.804128737677 144.651907133019 0 23.8572359137325 32.7439650472219 22.1632364049071 26.0451218452806 128.490208095974 131.391141639566 45.9370627792984 35.563635912666 126.333875656128 97.9664956114163 150.074824457583 151.839157104492 89.2898868379139 97.1542796705621
0 97.9370299629543 121.342003531231 109.43735369514 193.346328735352 0 209.819039481027 196.400750296456 205.833493550618 174.59429036016 216.590965270996 172.256736246745 0 168.61132531417 220.719434850356 155.797836303711 152.46237008468 131.113760170362 153.042826006489 140.359467230903 0 184.236737481479 139.93858100628 155.939659253686 179.93915509748 109.36511294047 125.93772815449 122.397866563738 187.653210957845 209.313085382635 182.118209075928 181.305293690075 0 206.624984741211 147.016235248463 117.173920837402 85.4229881699021 51.75580357863 86.5329341888428 184.614768243605 219.957244873047 182.823611549038 118.074521725472 159.086039517284 162.145010575004 177.652308523793 76.5107042217255 209.423326799946 145.901565551758 144.794830885182 191.796321868896 117.685998843667 21.2650551895033 71.4318949365415 38.1290010435429 205.215760664506 87.2063598690533 105.836070307979 46.067022518998 138.258194754464 95.4798336644326 44.7791724017131 75.7648161902186 119.086784889393 125.47491198017 94.3158990976066 123.343464176829 193.177547382859 118.703366767036 36.0166570592198
0 127.01408438847 168.865921918084 127.514965937688 223.651344299316 0 238.892822265625 240.263761520386 240.515174865723 214.913692127575 245.761302947998 113.420993301895 244.433097839355 110.676644288026 188.540608723958 0 205.323272705078 157.360243577224 123.119967346191 137.896712348575 0 226.84772164481 200.085586547852 196.644179124099 222.280674055511 97.9700241088867 122.038772606531 126.71182093127 233.560162963867 223.051284790039 198.228576660156 114.885460880216 221.963088989258 220.940124511719 152.268493305553 145.169163332147 110.813061014811 129.951701237605 113.70196225093 186.500901595406 93.228100047392 145.747423468696 166.966464385143 144.325798595653 172.843873977661 178.608289064282 33.5910295150858 177.370145012351 60.248836356269 146.147501388085 158.132660715204 153.804128737677 71.4318949365415 27.0074331084857 43.8017882600814 175.137114461263 130.749150990012 144.370582580566 116.049423070583 178.482148851667 54.1374064213088 50.6524888452984 97.7032804842843 181.719220867265 138.440623115091 128.779850827864 69.3568751507768 102.329432272349 120.98760732015 57.1121651427858
0 98.1263219167495 140.091054191589 130.667308076899 233.742575073242 0 230.111078898112 220.481694221497 220.418960571289 203.578391441932 233.340939331055 155.043327743943 236.88240814209 141.645262676737 207.625846862793 213.470085144043 187.128740411056 131.934425949205 133.124750251444 127.634330173708 0 199.740851577447 167.810216463529 184.222485542297 207.555912344796 102.381831729535 119.140929810925 125.26302141218 222.588048299154 202.320080566406 224.4802734375 146.145441532135 172.366889953613 241.703460693359 156.95367867606 132.970402730873 77.5841490626335 67.2293832212255 92.7533254350935 190.147520519438 187.532745361328 189.264694395519 138.149654557681 167.257696785305 153.852118323831 186.603742923974 55.3953201644981 186.119579387161 146.257561336864 155.008090811032 193.88643951416 144.651907133019 38.1290010435429 43.8017882600814 26.7635073213416 179.772467669319 118.864773834782 124.540636026634 91.6617080365848 161.402629955395 71.4366622227494 35.9370678276873 91.3171258784458 159.063265250184 141.177873698508 116.568708422012 110.426538965724 165.207028989439 127.898303985596 40.2053292419579
0 0 242.053558349609 98.7844797770182 149.237019771287 190.974113464355 173.511873798986 162.042084075592 188.736184692383 91.9892997741699 164.702916581621 229.111770629883 161.965047776699 0 210.942286039654 177.377329508464 232.48511505127 0 242.731491088867 245.697957356771 159.334299556112 197.140670776367 0 237.488265991211 133.015922091423 0 228.428916931152 216.458993765024 156.078935338627 190.208787979618 166.209747314453 0 210.809795379639 222.689737955729 191.184387207031 112.051120758057 207.708869934082 199.145565668742 70.515317616729 17.6224634157673 105.007430860731 86.7651970614294 135.236599479566 120.696658309025 66.6966341438023 36.972667285358 164.656521118164 23.6026266777054 179.104075840541 122.171234149713 64.4970411165164 0 205.215760664506 175.137114461263 179.772467669319 12.6189980283354 188.008021036784 149.663290405273 185.581295437283 42.2218572968825 185.284952799479 192.33110371574 185.573861672845 37.8342106058399 122.843876813751 133.110497368707 186.870192094283 137.7612100489 106.285332815988 114.116296638563
170.340966796875 151.748770141602 158.61211928701 86.5994000928155 154.039319038391 0 190.874776204427 163.735447550208 200.733803431193 119.273767198835 178.577699080757 213.595128377279 196.490392049154 188.653549194336 182.819907633464 162.640040079753 125.477841326341 174.985448788374 215.067188262939 197.983270645142 195.071998596191 132.588959065784 101.690895606732 134.598019769873 128.923788839471 175.512992858887 194.642446289062 158.074622742924 143.81399218585 151.890255582505 135.057137694247 0 238.526290893555 127.710842781879 154.391298998584 105.476797936668 114.012468338013 76.6056975283364 84.7393347832464 182.242116655622 148.611175537109 124.335006959977 88.6576221718657 121.301362568682 179.962184559215 106.122331531998 122.491955835885 170.31864654541 177.938220977783 121.05819118597 145.219205583845 23.8572359137325 87.2063598690533 130.749150990012 118.864773834782 188.008021036784 19.7191733190786 74.9428652850064 38.0314156821789 91.37558791399 151.451811790466 119.14099218398 122.048648153829 39.5936471834329 100.98258536311 40.6293199589617 166.364687751321 166.10422261556 80.54641352735 56.3329982875231
0 117.848831070794 86.3085050147599 32.593669134473 119.502052307129 0 194.190689086914 148.942078810472 195.006325461648 155.719202859061 213.990053812663 139.766473778399 215.148475646973 140.189741238238 182.605251948039 0 58.9179200881567 135.043998718262 156.961303124061 150.449775218964 247.616683959961 109.891909986734 26.2236277565194 83.900812586292 90.3410870243604 106.426595415388 145.336458994387 80.2568723914686 140.068610865895 171.305609130859 129.986094156901 154.528129331527 204.370157877604 73.8260065714518 131.101001005906 154.260670979818 26.8982403399223 114.220713043213 29.6475322518942 75.2704538336382 113.178147055886 118.932735697428 131.865220013787 161.891060829163 33.7340636810691 124.633712768555 102.827104815315 124.176911354065 92.2729710053633 152.343442644392 79.7642278874174 32.7439650472219 105.836070307979 144.370582580566 124.540636026634 149.663290405273 74.9428652850064 10.7226251149624 67.1271293428209 41.9968080448252 69.3527249618483 110.050103326987 55.7610897188639 72.1201318868001 124.700431622957 109.442403722692 119.816936674572 154.120628356934 90.9389250619071 116.271925608317
189.211013793945 131.06066601093 117.523033545126 113.930775826437 183.892909458705 0 203.14354227357 171.256532164945 190.302808761597 131.06724216627 190.899934058096 195.501223050631 231.594548543294 186.905279541016 201.223391415028 0 108.479793348085 149.033535264012 200.910632324219 179.941524505615 218.719294230143 134.860349556878 95.8660151943839 120.300367403261 134.254197362931 160.719095865885 167.649683480893 119.309656992174 157.167670206758 169.25377709525 144.073271945304 202.136102294922 242.026992797852 166.871960392705 148.180565154247 112.788851208957 104.042805262974 39.7791869679835 96.7072906045353 163.753455550582 179.563063485282 132.136974237274 88.0823776558078 130.987041422099 179.154835244884 119.33996682418 120.728635972546 191.6700328245 204.204159545898 122.453049795113 150.338138368395 22.1632364049071 46.067022518998 116.049423070583 91.6617080365848 185.581295437283 38.0314156821789 67.1271293428209 19.7386547077594 83.674680956346 131.461080278669 83.8987005887445 44.8465420532609 72.1807549792222 118.989696948982 68.9364891554228 149.330791307532 185.26921636408 98.7124572753906 48.4532382168601
156.468204357006 149.111099113852 160.198861627868 70.1045990268679 123.774843658359 186.428573608398 160.649635051159 145.472509643061 172.611095364174 86.4834312611381 143.694625278303 207.501398528304 145.343698155466 200.166415619234 174.960868041823 159.249041421073 118.979325186249 181.324683501342 223.859363385101 204.737343493803 136.424409111179 127.257309348962 94.7099649638987 133.043550764072 116.321413070495 178.45664469401 188.762360996815 157.665117028892 127.120888974357 155.551312769676 135.576703152329 215.571798400879 196.254368260964 135.679096835997 152.298700885115 105.690805823256 83.9674816371699 150.3286737974 52.2744862262541 25.7510067710901 86.0087218011757 87.7823073069255 103.169925305992 122.247097788991 27.8286240408527 76.5184552222436 165.694517180676 45.978085831002 147.291506910324 123.980292873643 47.5121824520896 26.0451218452806 138.258194754464 178.482148851667 161.402629955395 42.2218572968825 91.37558791399 41.9968080448252 83.674680956346 17.3857009475899 123.782472021558 149.842043095404 105.292581364324 38.9993956968452 108.869729707557 90.652358544488 170.795741020879 142.205078924856 90.3098630495598 102.949356341317
0 84.2254516161405 125.162654240926 70.5581132081839 221.889598846436 0 209.580821990967 195.991647338867 173.770575205485 170.983316040039 215.36856842041 79.6598315011887 211.79651184082 79.5796532907081 160.840969085693 0 0 105.05263779803 95.0149677758929 99.4706045091152 215.224754333496 183.616943359375 144.255286476829 161.015558416193 192.522880122347 49.5226810009719 87.8332300368989 92.0907241068613 228.339861783114 122.011781692505 189.014343261719 93.1614640156428 136.544261932373 0 103.856887714283 136.978256225586 27.0877877887549 156.029866305265 38.0811515493879 140.457069962113 111.145382351345 126.473340034485 194.724737548828 141.227089291527 111.93973227406 187.951727549235 33.338681186621 182.143715752496 24.4921541539186 165.297671794891 151.314338684082 128.490208095974 95.4798336644326 54.1374064213088 71.4366622227494 185.284952799479 151.451811790466 69.3527249618483 131.461080278669 123.782472021558 11.8351243739154 62.9616892031406 38.6421464282339 159.089859008789 134.142978961651 118.272851308187 56.1761108125959 84.3473281860352 149.913192749023 71.0269617827042
213.979934692383 90.0815620127067 129.120849399282 110.08241937772 223.548038829457 0 223.665639806677 209.925639586015 215.261885120023 201.655847378435 231.952231884003 121.550559460675 229.156773158482 118.085408398989 201.802136360331 213.030493600028 174.020786361694 123.604469104049 119.8849341581 119.923677968649 221.981185913086 195.905571813169 166.56075503848 173.470254302025 208.097879766108 97.9004008262534 109.555598876978 114.744414188456 215.692294352763 195.052857043696 193.219990730286 116.311069889558 183.464281005859 171.412139892578 142.680007284602 138.449700179853 65.7580973555402 47.0835893482481 71.815025688398 186.454408065132 124.890066964286 179.929047469937 135.370048479366 166.204861205977 144.964257217768 187.893310092416 43.3928792594869 191.895371355329 99.5781396040645 157.828033867469 173.830119589101 131.391141639566 44.7791724017131 50.6524888452984 35.9370678276873 192.33110371574 119.14099218398 110.050103326987 83.8987005887445 149.842043095404 62.9616892031406 26.8944696868637 58.63665990478 148.763456158933 152.093907296994 123.968752927207 43.4599306456641 125.098172598512 138.47608795166 92.2464532994042
200.261531066895 82.6643918936145 105.318684442287 81.6833205233656 202.637467157273 227.788459777832 212.574266889018 182.064120094449 201.537040817905 174.580398576487 207.981059721146 118.568709953972 218.056261698405 114.119647466711 200.616260235126 183.374231338501 104.105921559502 116.762723293437 123.54408396882 126.245417220317 220.398782348633 160.871687706293 92.8853974972324 115.577173640752 161.154240191971 96.125319987878 111.984785415767 101.960409213097 175.638223368588 189.280636681451 179.249453188768 118.620436290612 190.256257334063 187.409823099772 130.499554332067 140.232817124051 32.9421029210641 33.8994200787544 41.9040480494388 135.275074877058 174.309455246222 150.962850413073 120.054741472604 160.920272686385 109.765024766155 131.021100240054 95.5779062973056 186.781767877156 42.0208958742438 157.957969818594 143.862615532831 45.9370627792984 75.7648161902186 97.7032804842843 91.3171258784458 185.573861672845 122.048648153829 55.7610897188639 44.8465420532609 105.292581364324 38.6421464282339 58.63665990478 22.7533864972276 104.464717645867 148.798250929664 123.764381169301 60.2263718441302 144.589638956477 124.951964896066 83.3752990985327
159.885014724731 169.368091417396 168.030216961372 83.1036720966669 141.337631429814 205.503299713135 169.342596156091 151.68414607375 180.929558574767 96.4471941224064 159.346357575326 226.955438036437 160.123430287037 218.752306181809 186.193800111323 172.310084498206 133.124016282785 194.896584818682 234.283478509812 224.800758708607 151.369463809295 135.237888337103 104.960604683298 149.696750467712 126.039928263393 225.233224051339 211.887048361958 165.838878268845 139.705646592728 161.950897825736 137.420097980526 239.721466064453 201.194044494629 142.821523259601 163.410947592862 97.0418310604637 118.604680887858 99.4273198971566 73.879691204257 29.5099723241491 119.290346699376 96.0284872521887 40.2057580049364 119.080777567649 64.7662624910027 51.6060667195875 171.355105266077 70.4743651891259 180.919621058873 118.128690369397 85.8740437898768 35.563635912666 119.086784889393 181.719220867265 159.063265250184 37.8342106058399 39.5936471834329 72.1201318868001 72.1807549792222 38.9993956968452 159.089859008789 148.763456158933 104.464717645867 21.5325300341851 105.996767495837 58.0855752731703 193.190540568034 147.516985034266 84.0154019581821 85.8521239332271
174.426291571723 188.499776204427 195.096484184265 107.678903365135 182.925190358922 0 205.360304540517 180.42272932986 207.296043513371 133.496545014558 200.188346122075 202.287595113118 193.622707366943 173.900100708008 210.153134333623 156.036846160889 175.14670905514 221.003506747159 213.062216186523 173.146060943604 191.669299897693 153.002412985995 124.827553340367 175.063177433251 155.437020537432 232.83967590332 195.156218906619 200.702242330539 168.048483773475 190.19960788303 159.984536391038 0 220.602315729315 158.109407167177 185.826550091884 31.0107682187354 154.463121202257 157.740309883927 89.9497099430003 119.112920033846 148.041899323463 125.152188100498 80.9953716930954 97.6598164405658 99.5433541637356 116.899483147642 100.736966687579 123.832688819541 89.1636763723273 50.0641620754355 123.68061273109 126.333875656128 125.47491198017 138.440623115091 141.177873698508 122.843876813751 100.98258536311 124.700431622957 118.989696948982 108.869729707557 134.142978961651 152.093907296994 148.798250929664 105.996767495837 21.1550743762782 43.6455723301701 127.911170648069 28.0376845941446 21.6410189393235 53.6055727328139
155.341349283854 168.02202796936 168.338752029289 97.5603166637999 157.546754663641 239.525344848633 182.218178244198 169.467208970523 186.087930779708 124.582899342413 191.381981297543 216.356153488159 188.381225585938 227.995094299316 185.546334499783 0 133.792155319385 182.057432556152 209.214086532593 187.702744620187 204.858205159505 135.350258515921 115.442256880395 142.409079709037 136.430191261784 158.205413818359 190.343338454979 169.708027800525 147.405648455002 156.293910317792 140.278448060501 239.850250244141 202.240737915039 129.718244318377 158.463603748995 46.0915590523932 125.594880785261 108.940235333667 87.9636855492225 106.483867172367 123.535451253255 134.636944658879 45.9301989271452 120.784880901729 86.9733201435634 130.790310248131 122.0707279023 157.118990531335 187.440387301975 87.4836638190529 126.491470336914 97.9664956114163 94.3158990976066 128.779850827864 116.568708422012 133.110497368707 40.6293199589617 109.442403722692 68.9364891554228 90.652358544488 118.272851308187 123.968752927207 123.764381169301 58.0855752731703 43.6455723301701 20.6207334449896 152.408478509812 141.725846965661 40.3173871203167 40.897879362911
0 134.065334158884 178.586182814378 127.482061779688 233.621058146159 0 205.035578409831 235.796122233073 207.137629191081 204.74331608525 246.933349609375 106.972487660146 231.71167755127 105.037876356758 183.892523193359 228.293228149414 228.590199788411 153.588144779205 120.660421633809 146.084578283902 0 234.080268859863 168.047498575846 204.775127410889 221.095986155282 94.7056778053832 119.631892187275 128.607941618534 240.504684448242 194.994051615397 234.847152709961 113.95561340332 181.130826677595 205.450088500977 157.6715675354 180.374692281087 125.572046694548 122.523247817467 122.866706936858 202.795013427734 96.7865229288737 141.203247957451 187.713363647461 130.765172356053 173.072704739041 186.152799627754 53.2695328813824 176.586282951887 42.0994180741121 141.352635505872 177.525838216146 150.074824457583 123.343464176829 69.3568751507768 110.426538965724 186.870192094283 166.364687751321 119.816936674572 149.330791307532 170.795741020879 56.1761108125959 43.4599306456641 60.2263718441302 193.190540568034 127.911170648069 152.408478509812 29.2957779447891 103.374951579783 119.755432128906 78.8379789826834
199.290130615234 132.570938110352 235.89582824707 143.087249755859 206.288018035889 0 190.913662380642 208.937824358259 200.931285184972 182.53329031808 222.932435740595 124.416414499283 210.374605814616 125.869815141727 227.996928821911 211.492660522461 243.441599527995 0 176.687255859375 0 214.411235809326 193.736134847005 206.743626912435 238.528120040894 192.219898196032 122.206428527832 178.404353055087 201.083644866943 200.909678308039 215.183474372415 199.60489654541 159.033259073893 145.844308332963 223.723342895508 186.995763338529 102.20860237299 117.352842603411 189.094494528022 124.760577307807 147.661192198057 8.44172632463517 74.3035176546433 139.700087876419 31.5075347856868 155.200624389648 132.74371572251 78.2424316829773 130.382355560303 75.0590917826077 41.4572346489979 91.7697664082344 151.839157104492 193.177547382859 102.329432272349 165.207028989439 137.7612100489 166.10422261556 154.120628356934 185.26921636408 142.205078924856 84.3473281860352 125.098172598512 144.589638956477 147.516985034266 28.0376845941446 141.725846965661 103.374951579783 10.4126369624027 122.68223285675 28.8586683312256
170.494506835938 0 186.212677001953 94.8896834055583 169.697649637858 0 183.684987386068 172.729325794038 194.923776245117 117.466641235352 179.536977914663 0 207.50838470459 0 192.070154825846 181.310760498047 154.923813314999 201.158187866211 221.227310180664 177.748756408691 177.627372741699 135.191102172852 122.761241149902 156.667783578237 137.037356567383 0 184.765696207682 170.108516693115 151.254954209199 164.453977514196 140.374701760032 0 224.278419494629 144.281898498535 177.18713039822 57.6868195211081 0 134.374057970549 73.0723755485133 104.799620657256 0 148.658864339193 85.7672198780796 167.171498812162 86.3946918688322 117.387963332139 126.597538630168 120.616010284424 0 121.126113171847 119.698463439941 89.2898868379139 118.703366767036 120.98760732015 127.898303985596 106.285332815988 80.54641352735 90.9389250619071 98.7124572753906 90.3098630495598 149.913192749023 138.47608795166 124.951964896066 84.0154019581821 21.6410189393235 40.3173871203167 119.755432128906 122.68223285675 8.3695421842721 24.9082427490682
164.996475219727 107.798694292704 133.324887538302 107.594473797342 170.951224383186 0 200.534678819444 175.106432304108 201.022451317829 134.854616018442 196.166979417733 134.35413906621 191.166641235352 113.376540240119 205.900976392958 232.642799377441 147.281157050334 142.677440007528 155.246611701118 169.144484111241 190.545988411739 147.392331956983 125.958132126752 152.828872716315 152.194197284125 116.760058182936 145.545484485911 135.695815911092 163.350300476074 188.643494686838 150.179518642196 132.462344578334 225.917887968176 173.389155994762 179.320679159725 93.5768817964147 94.1142490756127 106.910741140044 85.7671433283278 116.40491188897 31.822322593545 94.990095122454 100.721784819187 111.588434018082 106.857650728787 111.384157286341 33.7499760796164 111.533621769378 46.2781758403304 89.9381033780156 108.781639996697 97.1542796705621 36.0166570592198 57.1121651427858 40.2053292419579 114.116296638563 56.3329982875231 116.271925608317 48.4532382168601 102.949356341317 71.0269617827042 92.2464532994042 83.3752990985327 85.8521239332271 53.6055727328139 40.897879362911 78.8379789826834 28.8586683312256 24.9082427490682 14.9944490873233
